Kp = 0.1;
Ki = 0.05;
Ts = 0.1;
